N <- 1000
G <- 100
y <- 
c(-0.510764039695315, -2.56458191665367, -4.549706149977, -4.31526564115098,
-2.73452589361515, -3.5970481521699, -3.53900651304512, -5.65191049663265, -3.64239413693427,
-2.93403291640876, 3.34610459539249, 3.29633318464834, 6.38833848090722, 1.07356134534415,
3.78906923280685, 4.65248817843968, 5.1791321678614, 3.95889824418405, 4.3022217304836,
5.9751682437338, -2.23457917938178, -1.1630684487792, -0.591405636116016, -0.970182383257991,
0.60098657423555, 1.33815430937836, 1.11923891165782, -0.308100921444892, 1.4981590565376,
0.805578211777731, 5.91488329171225, 5.10654916915582, 7.93848848891761, 3.51238186427186,
5.73124161244137, 0.160451744658705, 3.55031351838399, 7.38365736912576, 4.11801619902332,
4.508593290808, -2.56089881387932, -4.47909481995215, -2.19348205107429, -1.17125200010915,
-0.370456741266403, -0.304518752678141, -5.51272946308827, -4.51952762047669, -3.62927281370818,
-3.09417170881792, -2.73622990892156, -5.04433665912002, -3.19236231083899, -5.07418337760031,
-2.97925342899265, -0.795913789570013, -3.55048398414823, -3.01773510249844, -1.6987539519326,
-2.7464503365591, -4.59076965810824, -3.70725916855691, -2.24172922231065, -1.449841508677,
-4.98726950872363, -1.58221920245397, -2.027649002484, -0.362873306151706, -3.46374571288696,
-1.95619945872339, 3.02879814610994, 4.06974872705956, 3.62651272146519, 6.24826109455571,
4.31913632902685, 5.13918414383731, 2.08092414192916, 1.89441280830476, 4.01933948236322,
2.61173331147389, -2.29341482990812, -0.632229137217325, -1.24669234728612, -2.43062585524496,
-3.50194379682461, -5.15103530360736, -6.35105800564565, -5.00978200419485, -3.46417443720363,
-1.06602093046693, 1.38240292199337, 1.70684701816371, 0.481629596599705, 0.788090264568765,
0.720481311470844, 0.467750622262232, 0.430723892560685, 1.51309760569823, -0.409285240868914,
-0.255958392443793, 4.86932658783392, 2.35580827944026, 4.01634942432113, 3.63453413827445,
0.141512513806859, -1.604564628272, 5.49625036212697, 4.77862806017806, 4.65917770707374,
5.33295869580718, -2.4728484205271, 2.64044725462988, 0.870820583549521, 0.441897416934973,
0.133250567080146, 0.894890618673643, 1.70466745792936, -1.34500398799887, 0.155371739295137,
0.940477399108409, -1.67060319258304, -4.80564007537917, -4.08459156817677, -4.89836262022312,
1.6704416054698, -5.20512933462989, 1.59284830148735, -1.86080996251671, 1.12288442933656,
-2.94012423797365, 0.295979825326527, 0.200520491248664, 0.165107593579026, -0.657449674933099,
-0.520725302698645, 0.515782827634641, -3.51247863022826, -2.34541366641191, -1.62217716649734,
0.262853395033418, 0.0694678834329209, -2.40486028835996, 1.09916175592475, 2.01491594274287,
-1.20048072395559, 2.02072774431547, -2.68162666671508, 0.956867871944129, -1.96223149856635,
1.95024514805573, -3.70384624189013, 4.25889506963802, 1.00187631497415, -0.162169297511155,
-0.541737874403942, -0.237749845104587, 4.5231287219509, -1.85949137379268, 4.38300195677414,
-0.800718513619318, 0.501395646926348, 1.12884345860549, 0.675004021255545, -0.618832886674944,
2.51888472310585, 1.26590853504546, 2.50975852812025, 1.25616371761136, -2.51215170448367,
0.295586068256308, 0.27295747490205, 5.32836318633685, 2.02256505231204, 1.34131044645063,
2.99613725909504, 1.4832358731034, -1.61463308732839, 0.307891675093326, 0.428598955562044,
1.5374086665782, -0.773035150978417, 2.20284089928197, 1.89043236873928, 0.102761220938491,
0.150325565449525, 3.13755609852237, -0.730597493233087, 1.1488484937242, 3.84159197005875,
1.98701176998756, -1.30906915538503, 2.72648746609612, -0.547851373064612, 0.998080658117256,
-0.634147462225642, 0.333915126340779, 1.39495630706216, 1.18899059658724, 0.304843297270316,
-0.690831399018108, -2.47569142948695, -1.14761624085604, -6.01489071738746, -3.97891729190334,
-6.49656658260833, -2.32945394893525, -2.94464825581139, -1.66756602247494, -4.1908824368336,
-3.43837657624006, 1.73844659719055, -2.33651306480164, 2.91299552840771, 0.702218634825302,
0.821387922186529, -2.54231586135157, 2.29584284357111, -0.613130367994823, 1.96332877981284,
-1.1392556651237, 0.168299562827603, -0.129582403743987, 1.7453178500497, 2.28478909044835,
3.32536505232527, 0.0449110424390931, 0.367707851638754, 0.94923831744982, 4.73570534922999,
0.38210398127043, 2.41940309418218, -2.87766721487579, -0.909690645959954, 0.245405555857606,
-0.23097231914339, -0.951088132865791, 1.70077110500046, -2.17515266930643, 2.25253935965595,
-1.1993174779805, 1.37365347492849, 4.0316584742026, 5.19863969078243, 3.27351968850796,
3.0052799795188, 3.93424049537954, 2.64603697269489, 5.14901045990235, 4.40889477270619,
5.15486761550865, -0.612517676244605, -4.13398241983017, 0.508773239394773, -1.06708709316466,
-4.18528193147387, -2.12856545127017, -1.86634975456461, -3.59504914050398, -1.14374434003833,
-2.46623323078919, 3.85654527711881, 2.87439634558447, -2.76580727572371, -0.935253087871607,
-1.83636561983366, -2.30086311733726, -2.06245568387666, 2.22153213928262, 2.16146202212692,
1.38197578862992, -4.90370963569723, -3.48558524829954, -2.0766732784114, -1.135040417408,
-1.2146469718797, -0.565780213708027, -1.85464313922233, -0.754174235442358, -3.78516798458063,
-3.45366735750379, -1.08773719373488, -5.59699828878858, -1.25622996870813, 0.552293080762437,
-1.38817174570317, -0.684286354986646, -1.78064419274994, -1.69133884452277, -1.49758352908401,
-1.20722531112401, -2.10153771182016, 0.440304420874921, 2.64966805525202, -1.34519846825111,
1.54178540165753, -0.954431363169323, -0.244695101270803, 5.18829508264811, -2.66016114622218,
2.26438270046845, 2.04164642252211, -1.48562905350486, -2.3394835881551, 3.3419415320012,
3.11009079769641, -0.886259713627851, 0.35136067380912, 3.86195070772158, -3.47930372338481,
0.0274770162576099, -2.91143594390517, -3.02521500152419, -2.76848432676117, -0.947406522596301,
-4.21562253420842, -1.94512978829849, -1.82956790993975, -1.90475085387777, -8.19474508896318,
-0.723732264931086, -3.45365244156293, -0.912225412475771, -1.98606540303341, -4.17746378583069,
-3.51126408394677, -6.09277180649384, -4.51911252683146, -1.69659625133155, -2.68236815240049,
-3.26816564321883, 0.0586082056971482, 0.358424210543279, -0.0916467993168061, 5.22735731755421,
1.43301898828081, -1.29636868555505, 1.21179680828995, 0.263990026039038, -0.0593270311466316,
-1.72433252590565, -4.01814513789417, -0.831269395984643, -3.3717859197282, -1.36408684069806,
-3.25272050868602, -3.68092639228164, -3.30062857686542, -2.71363624405313, 0.808542539644589,
0.0301428782598063, -2.98544425585236, -4.92677033859864, -2.44533826103676, -5.09692821175416,
-2.82027851256113, -1.42535756664082, -4.64804870066358, -1.5635440556263, -2.30799528534658,
-6.32805231243972, -2.19169189350256, 0.941933924451992, 0.62926465091055, -2.86537681855781,
0.78735193682902, -3.04124613253503, 0.70054720138843, 3.11589328888506, -0.365853469293196,
-0.0180655203681371, -6.60154643275054, -4.63007979483381, -2.67954920556815, -5.14449503261845,
-3.68944992561978, -1.03058942781995, -1.19350862119191, 0.189707462651793, -1.38336310477872,
-0.158645955699658, 0.338627848401267, 0.534900195860238, -4.05946676382073, 0.748651231063105,
-3.10028735896586, -1.46074214448193, 2.22931316918838, 1.24732011303536, 2.06563375328962,
-0.814609092479599, -1.57101003945863, -3.71284148887039, -4.67737721669413, -3.75781746066389,
-5.445280276345, -3.62041684892944, -1.15197422354701, -4.48193511766235, 0.434093332858883,
-6.41086776124214, -5.95859437584233, -4.26869265464786, 0.388231979923255, -4.48130466407111,
-2.21952013956912, -5.11153480927579, 0.942463175998507, -1.66978778317334, -2.0277316665433,
0.419637340771992, -1.53725187008253, 2.48519090579369, 0.962231272854002, 0.539208289289646,
3.13160111333063, 0.733992584286353, -2.40402808642339, 1.79153899545465, 3.6287731121476,
2.50872943938276, 3.92625861714583, 0.965508380113874, 0.436166008016, 2.25401053254734,
