N <- 1000
G <- 100
y <- 
c(2.24461798015234, 2.30625425003898, 0.225146925011502, -2.94579692345296, 1.13273705319242,
-0.791144456509697, 0.730496743477442, -6.95573148989796, 0.678802931532863, 1.19790125077373, 0.673052297696247,
-1.11100044605498, 2.19416924045361, -7.77931596396754, 0.894534616403425, 2.95746453531905, 1.5895660839307,
0.876694732552143, 1.1511108652418, 6.92550473120142, -0.367289589690892, -3.98920534633759, 0.454297181941992,
-3.41054714977397, 1.05049328711778, 3.51446292813507, 1.30961945582891, -1.42430276433468, 1.4990795282688,
1.91673463533319, 1.95744164585612, 4.31964750746745, 2.96924424445881, -0.462854407184425, 1.86562080622068,
-10.5186447660239, 0.775156759191995, 11.1509721073773, 1.05900809951166, 2.52577987242401, 1.21955059306034,
-3.43728445985645, 1.40325897446285, 6.48624399967254, 2.3147716293668, 9.08644374196558, -0.256364731544135,
-3.55858286143006, 0.685363593145908, 0.717484873546243, 1.13188504553922, -5.13300997736007, 0.903818844580503,
-5.22255013280092, 1.01037328550368, 7.61225863128996, 0.724758007925883, 0.946794692504677, 1.6506230240337,
1.76064899032271, 0.204615170945882, -1.12177750567072, 1.37913538884468, 5.65047547396899, 0.00636524563818286,
5.25334239263808, 1.486175498758, 8.91138008154488, 0.768127143556519, 4.13140162382982, 0.514399073054969,
1.20924618117868, 0.813256360732593, 7.74478328366714, 1.15956816451343, 4.41755243151193, 0.0404620709645823,
-5.31676157508571, 1.00966974118161, -3.16480006557834, 1.35329258504594, 8.10331258834803, 1.87665382635694,
2.70812243426511, 0.749028101587697, -5.45310591082208, -0.675529002822826, -5.02934601258455, 0.767912781398186,
6.80193720859922, 1.44120146099668, 4.62054105449114, 0.990814798299852, 1.8642707937063, 1.11024065573542,
0.903251866786695, 0.965361946280343, 4.03929281709469, 0.545357379565543, -1.26787517733138, 1.43466329391696,
-3.93257516167921, 1.00817471216057, -0.0963975851766357, -0.92924374309657, -15.813693884816, 1.74812518106349,
3.33588418053419, 1.32958885353687, 4.99887608742153, -0.486424210263552, 7.42134176388965, 1.18541029177476,
0.82569225080492, 0.816625283540073, 2.18467185602093, 1.60233372896468, -4.5350119639966, 0.827685869647569,
2.32143219732523, 1.66469840370848, -4.4169202261375, 0.457704215911613, -4.69508786066937, 3.3352208027349,
-5.61538800388968, 3.29642415074367, 4.41757011244988, 3.06144221466828, 1.17962728607903, 0.897989912663264,
0.101561473745992, 0.832553796789513, -2.4723490247993, 0.489637348650677, 1.04734848290392, -1.00623931511413,
-7.53624099923574, -0.0610885832486683, 0.288560185100255, 0.78473394171646, -7.71458086507989, 1.29958087796237,
5.54474782822862, 0.149759638022204, 5.5621832329464, -0.590813333357541, 2.37060361583239, -0.231115749283177,
5.35073544416719, -1.10192312094507, 12.2766852089141, 1.25093815748707, -0.986507892533464, 0.479131062798029,
-1.21324953531376, 3.01156436097545, -6.07847412137803, 2.94150097838707, -2.90215554085795, 1.00069782346317,
2.88653037581647, 1.08750201062777, -2.35649866002483, 2.00944236155292, 3.29772560513637, 2.00487926406013,
3.26849115283409, -0.506075852241836, 0.386758204768924, 0.886478737451025, 15.4850895590106, 1.76128252615602,
3.52393133935189, 2.24806862954752, 3.9497076193102, -0.0573165436641954, 0.423675025279979, 0.964299477781022,
4.11222599973459, 0.363482424510791, 6.10852269784591, 1.69521618436964, -0.191716337184526, 0.825162782724762,
8.9126682955671, 0.384701253383456, 2.94654548117259, 2.67079598502937, 5.46103530996269, 0.0954654223074864,
7.67946239828837, 0.476074313467694, 2.49424197435177, 0.432926268887179, 0.501745379022337, 1.44747815353108,
3.06697178976172, 0.902421648635158, -2.57249419705432, 1.26215428525652, 6.55715127743189, -0.50744535869373,
-1.93675187571001, -0.748283291304166, 3.01163815319425, 1.02767587209431, 4.99730193257517, 0.404558781583199,
-0.315129728720176, 1.61922329859527, -7.50953919440492, 2.20649776420386, 1.60665590447591, 1.16069396109326,
-8.12694758405472, 1.89792142178555, -2.33939110398447, 1.73166438990642, -3.91776699537111, 0.834149781413802,
-0.888747211231961, 1.62265892502485, 6.35436727134504, 2.41268252616263, -0.365266872682721, 0.933853925819377,
2.34771495234946, 3.117852674615, 0.646311943811289, 1.95970154709109, -9.13300164462736, 0.295154677020023,
0.236216667572818, 0.634513840428305, -3.35326439859737, 1.60038555250023, -7.02545800791929, 1.87626967982798,
-4.09795243394151, -0.313173262535757, 1.09497542260779, 1.59931984539121, -1.17944093447612, 0.502639989759399,
0.802721486138606, 0.323018486347446, 4.44703137970706, 1.20444738635309, 4.46460284652595, 2.1937411618777,
-2.40194725949052, 2.75438661969739, 6.79873872050602, 0.407359034263063, 3.61430364618948, 1.5668251227177,
-0.785147421511943, 1.92812782998084, 2.60130030763244, 2.6782726385594, 8.1231890367534, -0.632903637861853,
-3.30575926361482, -0.16818280991683, -7.40258935201179, -0.281227841938331, 6.16459641784785, 1.83073101106346,
3.64592736588977, 0.0481451821513833, -0.45675574489862, 1.4616633607943, 6.59487874777601, 1.89267651406015,
8.30265935887592, 1.57267843038884, 7.73747729367292, 0.607416007709686, -0.361002072511364, 1.95613140313256,
-6.79099486636573, 1.87188501564594, 11.6568792422873, 1.80591412714842, 7.94714093504006, 1.60967790362503,
4.9259834664317, 1.75120823545799, 6.37832406662795, -0.300768855910078, 0.820913262624764, 2.07483402762601,
-4.53559540475334, 1.52089270082877, -3.36329408950797, 0.627652449364598, 15.0648852479443, -0.580080573111092,
6.29314810140536, 1.77082321126106, -4.95688716051459, -0.419741794077551, 9.52582459600359, 2.30504539884821,
-3.15877914088355, 0.92568033690456, 11.0858521231647, -0.989651861692406, -0.41756895122717, 1.04428202804741,
0.924354995427438, 1.11575783661942, 7.1577804322111, 0.392188732895792, 4.16461063510453, 1.58521604503013,
4.2857474383667, -1.59737254448159, 7.82880320520674, 0.773173779218535, 7.26332376257269, 1.5069672984833,
-2.53239135749208, 0.744367958026615, -8.27831541948152, 0.24044373658427, 4.91021124600536, 1.15881592379976,
0.195503070343508, 0.779304102848574, 0.575272631629838, 0.704176600341597, 15.1820719526626, 1.46650949414041,
-4.38910605666515, 1.35589840414498, 0.291970078117115, 0.720336484426684, -5.67299757771694, 0.490927431052916,
7.50619181204607, 0.814107040135899, 5.90773947790582, 0.873639745656991, -1.04277917684491, 0.84968571156729,
1.85909126784061, 2.90427126982229, 10.0904286347794, 1.00727787207382, -4.78031101579591, 1.27733086948162,
-5.29078463526249, 1.08986074371944, 5.72392730007755, 0.175975649668211, 5.30936783312111, 1.34600235732671,
-8.98415693731915, -0.345845946751279, 2.32580177335598, 1.06463232545527, -9.09613045567344, 1.14367596841451,
-9.62373839760509, 1.10027360069421, 8.84767986665519, 0.567073265353402, -0.554196561104412, -0.800773216375271,
-3.89023938450142, 1.16022539721593, -5.43348509785536, 0.655275037190108, 6.90823171654015, 1.90324568940404,
10.5691223879554, 1.80831844761064, 9.52406213290103, 0.919313924200633, 1.10470058758071, -1.27973338191036,
1.74595369318932, -0.800143679482928, -4.88222643344579, 1.86465658459419, 3.24196033910608, 1.78281687664481,
-2.9438272774388, 1.71449498027068, -1.13852446661118, 0.161311391652937, -1.27345238199168, -0.222640138172499,
-0.861250546788324, 1.92401288822649, -3.44580535298705, 2.71704666642944, -9.23260328372642, -0.479297187921167,
-2.80607796394359, 2.69411598996163, -3.44391399221334, 1.39023993021544, -5.33460442782736, 2.97123158799925,
4.99063665047998, 1.48613416672835, 11.258912022316, -0.0186259350412656, 6.95557271738107, 1.231115636427,
1.11762486786894, 2.31580055666531, 1.70197775285906, -0.452014043211697, 4.87461698636394, 2.5643865560738,
7.02618831814829, 2.71312930857292, 2.39652514034162, 0.968083004008, 6.26203159764202, 2.20313191384314,
5.39737428454802, 1.60492013199279, -7.8997019104572, 3.09278188072529, 2.87050666437914, 2.45302195416894,
