N <- 1000
G <- 100
y <- 
c(-1.50538201984766, -2.53229095832684, -3.5248530749885, -3.40763282057549, -2.61726294680758,
-3.04852407608495, -3.01950325652256, -4.07595524831633, -3.07119706846714, -2.71701645820438, 2.42305229769625,
2.39816659232417, 3.94416924045361, 1.28678067267208, 2.64453461640343, 3.07624408921984, 3.3395660839307,
2.72944912209202, 2.9011108652418, 3.7375841218669, 1.38271041030911, 1.9184657756104, 2.20429718194199,
2.014908808371, 2.80049328711777, 3.16907715468918, 3.05961945582891, 2.34594953927755, 3.2490795282688,
2.90278910588887, 3.70744164585612, 3.30327458457791, 4.71924424445881, 2.50619093213593, 3.61562080622068,
0.830225872329352, 2.525156759192, 4.44182868456288, 2.80900809951166, 3.004296645404, -2.53044940693966,
-3.48954740997608, -2.34674102553715, -1.83562600005458, -1.4352283706332, -1.40225937633907, -4.00636473154414,
-3.50976381023834, -3.06463640685409, -2.79708585440896, -2.61811495446078, -3.77216832956001, -2.8461811554195,
-3.78709168880015, -2.73962671449632, -1.64795689478501, -3.02524199207412, -2.75886755124922, -2.0993769759663,
-2.62322516827955, -3.54538482905412, -3.10362958427845, -2.37086461115532, -1.9749207543385, -3.74363475436182,
-2.04110960122699, -2.263824501242, -1.43143665307585, -2.98187285644348, -2.2280997293617, 2.26439907305497,
2.78487436352978, 2.56325636073259, 3.87413054727786, 2.90956816451343, 3.31959207191866, 1.79046207096458,
1.69720640415238, 2.75966974118161, 2.05586665573694, -2.39670741495406, -1.56611456860866, -1.87334617364306,
-2.46531292762248, -3.0009718984123, -3.82551765180368, -4.42552900282283, -3.75489100209743, -2.98208721860181,
-1.78301046523346, 3.19120146099668, 3.35342350908186, 2.74081479829985, 2.89404513228438, 2.86024065573542,
2.73387531113112, 2.71536194628034, 3.25654880284911, 2.29535737956554, 2.3720208037781, 3.18466329391696,
1.92790413972013, 2.75817471216057, 2.56726706913723, 0.82075625690343, -0.052282314135998, 3.49812518106349,
3.13931403008903, 3.07958885353687, 3.41647934790359, -4.23642421026355, -1.67977637268506, -2.56458970822524,
-2.77905129153251, -2.93337471645993, -2.55255469066318, -2.14766627103532, -3.67250199399943, -2.92231413035243,
-2.5297613004458, -2.08530159629152, -3.65282003768958, -3.29229578408839, -3.69918131011156, -0.414779197265099,
-3.85256466731495, -0.453575849256327, -2.18040498125835, -0.688557785331721, -2.72006211898683, 2.64798991266326,
2.60026024562433, 2.58255379678951, 2.17127516253345, 2.23963734865068, 2.75789141381732, 0.743760684885869,
1.32729316679404, 1.68891141675133, 2.63142669751671, -2.96526605828354, -4.20243014417998, -2.45041912203763,
-1.99254202862856, -3.6002403619778, -1.98963612784227, -4.34081333335754, -2.52156606402794, -3.98111574928318,
-2.02487742597213, -4.85192312094506, -0.870552465180988, -2.49906184251293, -3.08108464875558, -3.27086893720197,
-3.11887492255229, -0.738435639024552, -3.92974568689634, -0.808499021612928, -3.40035925680966, -2.74930217653683,
-2.43557827069725, -2.66249798937223, -3.30941644333747, -1.74055763844708, -2.36704573247727, -1.74512073593987,
-2.37191814119432, -4.25607585224184, -2.85220696587185, -2.86352126254897, -0.335818406831574, -1.98871747384398,
-2.32934477677468, -1.50193137045248, -2.2583820634483, -3.8073165436642, -2.84605416245334, -2.78570052221898,
-2.2312956667109, -3.38651757548921, -1.89857955035901, -2.05478381563036, -2.94861938953075, -2.92483721727524,
-1.43122195073882, -3.36529874661654, -2.4255757531379, -1.07920401497063, -2.00649411500622, -3.65453457769251,
-1.63675626695194, -3.27392568653231, -2.50095967094137, -3.31707373111282, -2.83304243682961, -2.30252184646892,
-2.40550470170638, -2.84757835136484, -3.34541569950905, -2.48784571474348, -1.82380812042802, -4.25744535869373,
-3.23945864595167, -4.49828329130417, -2.41472697446763, -2.72232412790569, -2.08378301123747, -3.3454412184168,
-2.96918828812003, 3.36922329859527, 1.33174346759918, 3.95649776420386, 2.85110931741265, 2.91069396109326,
1.22884206932421, 3.64792142178555, 2.19343481600259, 3.48166438990642, 1.93037216743815, -2.9158502185862,
-3.06479120187199, -2.12734107497515, -1.85760545477583, -1.33731747383737, -2.97754447878045, -2.81614607418062,
-2.52538084127509, -0.632147325385004, -2.80894800936478, 3.70970154709109, 1.06116639256211, 2.04515467702002,
2.6227027779288, 2.38451384042831, 2.0244559335671, 3.35038555250023, 1.41242366534679, 3.62626967982798,
1.90034126100975, 1.43682673746424, 2.7658292371013, 3.34931984539121, 2.38675984425398, 2.2526399897594,
2.71712024768977, 2.07301848634745, 3.32450522995118, 2.95444738635309, 3.32743380775432, -1.5562588381223,
-3.31699120991509, -0.995613380302613, -1.78354354658233, -3.34264096573694, -2.31428272563509, -2.1831748772823,
-3.04752457025199, -1.82187217001916, -2.48311661539459, -1.0717273614406, -1.56280182720777, -4.38290363786185,
-3.4676265439358, -3.91818280991683, -4.15043155866863, -4.03122784193833, -1.88923393035869, -1.91926898893654,
-2.30901210568504, -3.70185481784862, -2.99279262414977, -2.2883366392057, -1.817520208704, -1.85732348593985,
-1.53289010685401, -2.17732156961116, -1.62708711772118, -3.14258399229031, -2.97683367875189, -1.79386859686744,
-4.04849914439429, -1.87811498435406, -0.973853459618782, -1.94408587285158, -1.59214317749332, -2.14032209637497,
-2.09566942226138, -1.99879176454201, -1.85361265556201, 1.44923114408992, 2.72015221043746, 3.82483402762601,
1.82740076587444, 3.27089270082877, 2.02278431841534, 2.3776524493646, 5.09414754132406, 1.16991942688891,
3.63219135023423, -1.97917678873894, -3.74281452675243, -4.16974179407755, -1.3290292339994, -1.44495460115179,
-3.44312985681393, -2.82431966309544, -1.06902464613921, -4.73965186169241, -2.9862614918712, -2.70571797195259,
-2.76260750076209, -2.63424216338058, -1.72370326129815, -3.35781126710421, -2.22256489414925, -2.16478395496987,
-2.20237542693888, -5.34737254448159, -1.61186613246554, -2.97682622078147, -1.70611270623789, -2.2430327015167,
-3.33873189291535, -3.00563204197338, -4.29638590324692, -3.50955626341573, -2.09829812566577, -2.59118407620024,
-2.88408282160942, 2.52930410284857, 2.67921210527164, 2.4541766003416, 5.1136786587771, 3.21650949414041,
1.85181565722248, 3.10589840414498, 2.63199501301952, 2.47033648442668, 1.63783373704718, -3.25907256894708,
-1.66563469799232, -2.9358929598641, -1.93204342034903, -2.87636025434301, -3.09046319614082, -2.90031428843271,
-2.60681812202657, -0.845728730177705, -1.2349285608701, -2.74272212792618, -3.71338516929932, -2.47266913051838,
-3.79846410587708, -2.66013925628056, -1.96267878332041, -3.57402435033179, -2.03177202781315, -2.40399764267329,
-4.41402615621986, -4.09584594675128, -2.529033037774, -2.68536767454473, -4.43268840927891, -2.60632403158549,
-4.52062306626752, -2.64972639930579, -1.44205335555747, -3.1829267346466, -3.00903276018407, -4.55077321637527,
-3.5650398974169, -2.58977460278407, -3.82224751630923, -3.09472496280989, -1.76529471390997, -1.84675431059596,
-1.1551462686741, -1.94168155238936, -1.32932297784983, -2.83068607579937, -2.73254990206988, -5.02973338191036,
-2.62567438446845, -4.55014367948293, -3.73037107224097, -1.88534341540581, -2.37633994348232, -1.96718312335519,
-3.4073045462398, -2.03550501972932, -3.1064207444352, -3.58868860834706, -3.12890873033195, -3.9726401381725,
-3.06020842446472, -1.82598711177351, -3.49096755883118, -1.03295333357056, -4.45543388062107, -4.22929718792117,
-3.38434632732393, -1.05588401003837, -3.49065233203556, -2.35976006978456, -3.80576740463789, -0.778768412000747,
-2.08489389158667, -2.26386583327165, -1.040181329614, 1.73137406495873, 3.74259545289684, 2.981115636427,
2.76960414464482, 4.06580055666531, 2.86699629214318, 1.2979859567883, 3.39576949772732, 4.3143865560738,
3.75436471969138, -1.03687069142708, -2.51724580994306, -2.781916995992, -1.87299473372633, -1.54686808615686,
