,0,1,2,3,4,5,6,7,8,9,10,11,12,13,14,15,16,17,18,19,20,21,22,23,24,25,26,27,28,29,30,31,32,33,34,35,36,37,38,39,40,41,42,43,44,45,46,47,48,49,50,51,52,53,54,55,56,57,58,59,60,61,62,63,64,65,66,67,68,69,70,71,72,73,74,75,76,77,78,79,80,81,82,83,84,85,86,87,88,89,90,91,92,93,94,95,96,97,98,99,100,101,102,103,104,105,106,107,108,109,110,111,112,113,114,115,116,117,118,119,120,121,122,123,124,125,126,127,128,129,130,131,132,133,134,135,136,137,138,139,140,141,142,143,144,145,146,147,148,149,150,151,152,153,154,155,156,157,158,159,160,161,162,163,164,165,166,167,168,169,170,171,172,173,174,175,176,177,178,179,180,181,182,183,184,185,186,187,188,189,190,191,192,193,194,195,196,197,198,199,200,201,202,203,204,205,206,207,208,209,210,211,212,213,214,215,216,217,218,219,220,221
0,16.818,0.077,68.564,-59.686,60.542,1.459,60.970,41.599,-60.377,150.793,3.341,44.235,22.481,25.732,-20.284,30.839,33.191,-16.073,49.636,-9.009,28.080,-59.005,57.135,-39.799,-56.837,46.446,-10.997,60.938,-67.772,26.254,-24.231,2.487,-21.822,32.556,-45.366,32.255,2.214,21.402,-95.070,85.460,-17.097,-65.138,56.151,-104.690,106.432,-51.837,32.239,-45.052,75.152,-41.106,50.446,-41.211,15.792,-36.658,-23.559,-30.722,15.499,-55.776,23.766,26.816,-55.755,35.890,-26.652,14.264,-40.770,26.219,-95.442,212.969,-132.594,11.577,-56.381,106.071,-15.180,8.466,-6.617,-3.350,-36.397,60.778,-75.958,3.231,-21.828,-14.354,-61.240,39.386,-51.545,25.095,-61.967,-75.687,25.791,-54.326,18.780,-62.210,29.562,-90.544,5.453,-70.610,-2.965,-75.675,19.740,-127.181,65.030,-106.281,14.343,-27.794,-84.554,-30.058,22.102,-174.803,181.479,-116.949,-52.175,-74.740,24.170,-187.683,219.906,-163.258,56.090,-84.277,-34.551,-24.881,-32.872,-64.509,-3.292,-69.344,-11.665,-138.520,108.568,-168.306,135.642,-136.633,12.054,-51.579,1.533,-107.702,49.383,-165.466,184.415,-181.117,45.935,-108.735,-19.025,4.516,-21.399,-52.198,-5.692,-32.240,6.079,22.513,-57.033,36.597,-72.582,4.844,-82.364,20.922,-48.715,-31.151,-7.073,-59.027,-5.165,-17.601,-35.185,-69.153,4.204,-67.832,-22.902,-111.422,73.162,-88.277,36.941,-18.496,-14.929,-22.597,-13.581,-11.528,-67.092,31.617,-116.374,38.096,-38.181,-17.143,-74.345,6.947,-98.031,-6.850,-132.017,90.054,-70.994,-19.716,-49.134,-104.569,96.974,-143.270,-6.316,-97.068,-103.385,-58.799,-50.573,-96.596,-58.801,-39.364,-35.534,-34.920,-136.009,101.475,-120.124,33.213,-70.410,-13.362,-55.626,-46.253,9.906,-52.116,17.739,-75.934,-52.045,72.370,0.645,-0.003,0.000,-8648.157,-619.244,-8.202
1,0.077,0.000,0.313,-0.273,0.276,0.007,0.278,0.190,-0.276,0.689,0.015,0.202,0.103,0.118,-0.093,0.141,0.152,-0.073,0.227,-0.041,0.128,-0.269,0.261,-0.182,-0.260,0.212,-0.050,0.278,-0.309,0.120,-0.111,0.011,-0.100,0.149,-0.207,0.147,0.010,0.098,-0.434,0.390,-0.078,-0.297,0.256,-0.478,0.486,-0.237,0.147,-0.206,0.343,-0.188,0.230,-0.188,0.072,-0.167,-0.108,-0.140,0.071,-0.255,0.109,0.122,-0.255,0.164,-0.122,0.065,-0.186,0.120,-0.436,0.973,-0.606,0.053,-0.257,0.484,-0.069,0.039,-0.030,-0.015,-0.166,0.278,-0.347,0.015,-0.100,-0.066,-0.280,0.180,-0.235,0.115,-0.283,-0.346,0.118,-0.248,0.086,-0.284,0.135,-0.413,0.025,-0.322,-0.014,-0.346,0.090,-0.581,0.297,-0.485,0.065,-0.127,-0.386,-0.137,0.101,-0.798,0.829,-0.534,-0.238,-0.341,0.110,-0.857,1.004,-0.746,0.256,-0.385,-0.158,-0.114,-0.150,-0.295,-0.015,-0.317,-0.053,-0.633,0.496,-0.769,0.619,-0.624,0.055,-0.236,0.007,-0.492,0.226,-0.756,0.842,-0.827,0.210,-0.497,-0.087,0.021,-0.098,-0.238,-0.026,-0.147,0.028,0.103,-0.260,0.167,-0.331,0.022,-0.376,0.096,-0.222,-0.142,-0.032,-0.270,-0.024,-0.080,-0.161,-0.316,0.019,-0.310,-0.105,-0.509,0.334,-0.403,0.169,-0.084,-0.068,-0.103,-0.062,-0.053,-0.306,0.144,-0.531,0.174,-0.174,-0.078,-0.340,0.032,-0.448,-0.031,-0.603,0.411,-0.324,-0.090,-0.224,-0.478,0.443,-0.654,-0.029,-0.443,-0.472,-0.269,-0.231,-0.441,-0.269,-0.180,-0.162,-0.159,-0.621,0.463,-0.549,0.152,-0.322,-0.061,-0.254,-0.211,0.045,-0.238,0.081,-0.347,-0.238,0.330,0.003,-0.000,0.000,-39.494,-2.828,-0.037
2,68.564,0.313,279.530,-243.334,246.823,5.950,248.568,169.593,-246.152,614.765,13.622,180.342,91.655,104.907,-82.698,125.729,135.317,-65.526,202.360,-36.730,114.479,-240.556,232.933,-162.256,-231.717,189.355,-44.833,248.439,-276.298,107.034,-98.786,10.138,-88.964,132.727,-184.951,131.500,9.024,87.252,-387.592,348.412,-69.703,-265.561,228.923,-426.811,433.912,-211.333,131.435,-183.673,306.387,-167.586,205.662,-168.012,64.384,-149.452,-96.048,-125.250,63.187,-227.394,96.890,109.325,-227.306,146.321,-108.659,58.154,-166.216,106.893,-389.107,868.251,-540.573,47.199,-229.861,432.440,-61.886,34.515,-26.978,-13.656,-148.386,247.784,-309.673,13.172,-88.992,-58.521,-249.670,160.572,-210.143,102.309,-252.634,-308.567,105.146,-221.480,76.562,-253.623,120.523,-369.137,22.231,-287.870,-12.088,-308.519,80.477,-518.502,265.121,-433.298,58.474,-113.314,-344.716,-122.543,90.109,-712.652,739.872,-476.790,-212.711,-304.707,98.538,-765.165,896.532,-665.586,228.674,-343.588,-140.859,-101.438,-134.014,-262.995,-13.422,-282.709,-47.555,-564.733,442.620,-686.165,552.997,-557.039,49.144,-210.283,6.249,-439.088,201.330,-674.586,751.839,-738.395,187.274,-443.300,-77.562,18.411,-87.243,-212.806,-23.206,-131.438,24.784,91.784,-232.516,149.202,-295.908,19.747,-335.790,85.297,-198.607,-127.001,-28.835,-240.647,-21.056,-71.756,-143.445,-281.931,17.140,-276.545,-93.368,-454.256,298.274,-359.897,150.605,-75.404,-60.865,-92.127,-55.368,-46.998,-273.526,128.899,-474.447,155.314,-155.659,-69.891,-303.096,28.320,-399.660,-27.926,-538.220,367.142,-289.434,-80.381,-200.315,-426.316,395.352,-584.096,-25.751,-395.734,-421.491,-239.719,-206.179,-393.810,-239.726,-160.481,-144.868,-142.366,-554.494,413.703,-489.735,135.406,-287.054,-54.475,-226.783,-188.567,40.384,-212.473,72.320,-309.577,-212.183,295.046,2.631,-0.012,0.000,-35257.631,-2524.592,-33.438
3,-59.686,-0.273,-243.334,211.825,-214.862,-5.179,-216.381,-147.633,214.278,-535.160,-11.858,-156.990,-79.786,-91.323,71.989,-109.448,-117.795,57.041,-176.156,31.974,-99.655,209.407,-202.771,141.246,201.712,-164.836,39.028,-216.269,240.520,-93.174,85.994,-8.825,77.444,-115.540,161.002,-114.473,-7.856,-75.954,337.403,-303.297,60.677,231.174,-199.280,371.544,-377.726,183.968,-114.416,159.889,-266.713,145.885,-179.031,146.256,-56.047,130.100,83.611,109.031,-55.005,197.949,-84.344,-95.169,197.872,-127.374,94.589,-50.624,144.693,-93.052,338.722,-755.822,470.575,-41.087,200.096,-376.444,53.873,-30.046,23.485,11.888,129.171,-215.699,269.574,-11.466,77.468,50.943,217.340,-139.780,182.932,-89.061,219.921,268.611,-91.530,192.801,-66.648,220.782,-104.917,321.337,-19.353,250.594,10.522,268.569,-70.056,451.361,-230.791,377.191,-50.902,98.641,300.079,106.675,-78.441,620.372,-644.067,415.051,185.167,265.251,-85.779,666.085,-780.441,579.400,-199.063,299.097,122.620,88.303,116.661,228.940,11.684,246.101,41.398,491.606,-385.306,597.315,-481.390,484.909,-42.781,183.054,-5.440,382.231,-175.260,587.235,-654.484,642.781,-163.024,385.897,67.519,-16.027,75.946,185.250,20.201,114.418,-21.574,-79.899,202.408,-129.882,257.591,-17.190,292.309,-74.252,172.890,110.556,25.101,209.486,18.329,62.465,124.871,245.424,-14.921,240.736,81.278,395.435,-259.651,313.295,-131.104,65.640,52.984,80.198,48.199,40.912,238.107,-112.208,413.011,-135.202,135.503,60.840,263.849,-24.653,347.909,24.310,468.527,-319.601,251.956,69.972,174.376,371.113,-344.158,508.462,22.417,344.491,366.912,208.678,179.481,342.816,208.685,139.701,126.109,123.931,482.693,-360.133,426.319,-117.873,249.884,47.421,197.417,164.150,-35.155,184.960,-62.955,269.490,184.708,-256.841,-2.291,0.011,-0.000,30692.161,2197.686,29.108
4,60.542,0.276,246.823,-214.862,217.942,5.254,219.483,149.749,-217.350,542.832,12.028,159.240,80.930,92.632,-73.021,111.017,119.484,-57.859,178.682,-32.432,101.084,-212.409,205.678,-143.271,-204.604,167.199,-39.587,219.370,-243.969,94.510,-87.227,8.952,-78.555,117.197,-163.310,116.114,7.968,77.042,-342.240,307.645,-61.547,-234.488,202.137,-376.870,383.141,-186.605,116.056,-162.182,270.537,-147.977,181.597,-148.353,56.850,-131.965,-84.809,-110.594,55.794,-200.787,85.553,96.533,-200.709,129.200,-95.945,51.350,-146.767,94.386,-343.578,766.658,-477.321,41.676,-202.965,381.841,-54.645,30.476,-23.821,-12.058,-131.023,218.791,-273.439,11.631,-78.579,-51.673,-220.456,141.784,-185.555,90.338,-223.074,-272.462,92.843,-195.565,67.604,-223.947,106.421,-325.944,19.630,-254.187,-10.673,-272.419,71.061,-457.832,234.099,-382.598,51.632,-100.056,-304.381,-108.205,79.565,-629.266,653.301,-421.002,-187.822,-269.053,87.008,-675.634,791.630,-587.707,201.917,-303.385,-124.378,-89.569,-118.333,-232.222,-11.851,-249.629,-41.991,-498.654,390.830,-605.878,488.292,-491.861,43.394,-185.678,5.518,-387.711,177.773,-595.654,663.868,-651.997,165.361,-391.430,-68.487,16.257,-77.035,-187.906,-20.491,-116.059,21.884,81.045,-205.310,131.744,-261.284,17.436,-296.500,75.316,-175.368,-112.141,-25.461,-212.490,-18.592,-63.360,-126.661,-248.942,15.135,-244.187,-82.443,-401.104,263.373,-317.786,132.983,-66.581,-53.744,-81.347,-48.890,-41.499,-241.521,113.816,-418.932,137.141,-137.446,-61.713,-267.631,25.007,-352.897,-24.659,-475.244,324.183,-255.568,-70.975,-176.876,-376.434,349.092,-515.751,-22.738,-349.430,-372.173,-211.670,-182.055,-347.731,-211.676,-141.704,-127.917,-125.708,-489.614,365.296,-432.431,119.563,-253.466,-48.101,-200.248,-166.503,35.659,-187.612,63.858,-273.353,-187.356,260.523,2.323,-0.011,0.000,-31132.184,-2229.193,-29.526
5,1.459,0.007,5.950,-5.179,5.254,0.127,5.291,3.610,-5.239,13.086,0.290,3.839,1.951,2.233,-1.760,2.676,2.880,-1.395,4.307,-0.782,2.437,-5.120,4.958,-3.454,-4.932,4.031,-0.954,5.288,-5.881,2.278,-2.103,0.216,-1.894,2.825,-3.937,2.799,0.192,1.857,-8.250,7.416,-1.484,-5.653,4.873,-9.085,9.236,-4.498,2.798,-3.910,6.522,-3.567,4.378,-3.576,1.370,-3.181,-2.044,-2.666,1.345,-4.840,2.062,2.327,-4.838,3.115,-2.313,1.238,-3.538,2.275,-8.282,18.481,-11.506,1.005,-4.893,9.205,-1.317,0.735,-0.574,-0.291,-3.158,5.274,-6.592,0.280,-1.894,-1.246,-5.314,3.418,-4.473,2.178,-5.377,-6.568,2.238,-4.714,1.630,-5.398,2.565,-7.857,0.473,-6.127,-0.257,-6.567,1.713,-11.037,5.643,-9.223,1.245,-2.412,-7.337,-2.608,1.918,-15.169,15.749,-10.149,-4.528,-6.486,2.097,-16.287,19.083,-14.167,4.867,-7.313,-2.998,-2.159,-2.853,-5.598,-0.286,-6.018,-1.012,-12.021,9.421,-14.605,11.771,-11.857,1.046,-4.476,0.133,-9.346,4.285,-14.359,16.003,-15.717,3.986,-9.436,-1.651,0.392,-1.857,-4.530,-0.494,-2.798,0.528,1.954,-4.949,3.176,-6.299,0.420,-7.147,1.816,-4.227,-2.703,-0.614,-5.122,-0.448,-1.527,-3.053,-6.001,0.365,-5.886,-1.987,-9.669,6.349,-7.661,3.206,-1.605,-1.296,-1.961,-1.179,-1.000,-5.822,2.744,-10.099,3.306,-3.313,-1.488,-6.452,0.603,-8.507,-0.594,-11.456,7.815,-6.161,-1.711,-4.264,-9.074,8.415,-12.433,-0.548,-8.423,-8.972,-5.103,-4.389,-8.382,-5.103,-3.416,-3.084,-3.030,-11.803,8.806,-10.424,2.882,-6.110,-1.160,-4.827,-4.014,0.860,-4.523,1.539,-6.589,-4.516,6.280,0.056,-0.000,0.000,-750.476,-53.737,-0.712
6,60.970,0.278,248.568,-216.381,219.483,5.291,221.035,150.808,-218.887,546.671,12.113,160.366,81.502,93.287,-73.538,111.802,120.329,-58.268,179.945,-32.662,101.799,-213.911,207.133,-144.284,-206.051,168.381,-39.867,220.921,-245.694,95.178,-87.844,9.015,-79.110,118.025,-164.465,116.935,8.025,77.587,-344.660,309.820,-61.982,-236.146,203.566,-379.535,385.850,-187.925,116.877,-163.329,272.450,-149.023,182.881,-149.402,57.252,-132.898,-85.409,-111.376,56.188,-202.207,86.158,97.216,-202.128,130.114,-96.623,51.713,-147.805,95.053,-346.007,772.079,-480.696,41.971,-204.400,384.541,-55.032,30.692,-23.990,-12.144,-131.950,220.338,-275.372,11.713,-79.135,-52.039,-222.015,142.786,-186.867,90.977,-224.651,-274.389,93.499,-196.948,68.082,-225.530,107.173,-328.249,19.769,-255.984,-10.749,-274.346,71.563,-461.070,235.755,-385.304,51.997,-100.763,-306.534,-108.970,80.128,-633.715,657.920,-423.979,-189.150,-270.956,87.624,-680.411,797.228,-591.862,203.345,-305.530,-125.257,-90.202,-119.170,-233.864,-11.935,-251.395,-42.288,-502.180,393.593,-610.162,491.744,-495.339,43.701,-186.991,5.557,-390.452,179.030,-599.865,668.562,-656.607,166.530,-394.198,-68.971,16.372,-77.579,-189.235,-20.636,-116.879,22.038,81.618,-206.761,132.676,-263.131,17.560,-298.596,75.849,-176.608,-112.934,-25.641,-213.992,-18.724,-63.808,-127.557,-250.703,15.242,-245.914,-83.026,-403.940,265.236,-320.033,133.923,-67.052,-54.124,-81.923,-49.235,-41.792,-243.229,114.621,-421.894,138.110,-138.418,-62.149,-269.524,25.183,-355.392,-24.833,-478.604,326.476,-257.375,-71.477,-178.127,-379.095,351.561,-519.398,-22.899,-351.901,-374.804,-213.167,-183.342,-350.189,-213.173,-142.706,-128.822,-126.597,-493.076,367.879,-435.489,120.408,-255.259,-48.441,-201.664,-167.680,35.911,-188.938,64.310,-275.286,-188.681,262.365,2.340,-0.011,0.000,-31352.317,-2244.955,-29.735
7,41.599,0.190,169.593,-147.633,149.749,3.610,150.808,102.893,-149.343,372.983,8.265,109.415,55.608,63.648,-50.173,76.280,82.098,-39.755,122.773,-22.285,69.455,-145.947,141.322,-98.442,-140.584,114.883,-27.201,150.730,-167.632,64.938,-59.934,6.151,-53.975,80.526,-112.211,79.782,5.475,52.936,-235.155,211.384,-42.289,-161.118,138.889,-258.949,263.258,-128.217,79.743,-111.436,185.887,-101.676,124.776,-101.934,39.062,-90.674,-58.273,-75.990,38.336,-137.962,58.784,66.328,-137.908,88.774,-65.924,35.283,-100.845,64.853,-236.074,526.774,-327.970,28.636,-139.458,262.365,-37.547,20.941,-16.368,-8.285,-90.027,150.333,-187.881,7.991,-53.992,-35.505,-151.477,97.420,-127.496,62.072,-153.275,-187.210,63.793,-134.374,46.451,-153.875,73.122,-223.958,13.488,-174.653,-7.334,-187.181,48.826,-314.579,160.851,-262.885,35.477,-68.749,-209.142,-74.348,54.670,-432.372,448.886,-289.272,-129.053,-184.868,59.784,-464.231,543.933,-403.816,138.738,-208.457,-85.460,-61.543,-81.307,-159.561,-8.143,-171.522,-28.852,-342.628,268.541,-416.302,335.508,-337.960,29.816,-127.580,3.791,-266.398,122.149,-409.277,456.147,-447.990,113.620,-268.953,-47.058,11.170,-52.931,-129.111,-14.079,-79.745,15.036,55.686,-141.069,90.522,-179.529,11.981,-203.726,51.750,-120.496,-77.053,-17.494,-146.003,-12.775,-43.535,-87.029,-171.050,10.399,-167.782,-56.647,-275.600,180.965,-218.352,91.373,-45.748,-36.927,-55.894,-33.592,-28.514,-165.950,78.204,-287.850,94.230,-94.440,-42.403,-183.891,17.182,-242.477,-16.943,-326.542,222.748,-175.602,-48.767,-121.532,-258.649,239.863,-354.375,-15.623,-240.095,-255.722,-145.439,-125.091,-238.927,-145.444,-97.365,-87.892,-86.374,-336.416,250.997,-297.126,82.152,-174.158,-33.050,-137.591,-114.405,24.501,-128.909,43.877,-187.823,-128.733,179.007,1.596,-0.007,0.000,-21391.076,-1531.689,-20.287
8,-60.377,-0.276,-246.152,214.278,-217.350,-5.239,-218.887,-149.343,216.760,-541.358,-11.996,-158.808,-80.710,-92.381,72.823,-110.716,-119.159,57.702,-178.197,32.344,-100.810,211.832,-205.120,142.882,204.048,-166.745,39.480,-218.774,243.306,-94.254,86.990,-8.927,78.341,-116.878,162.867,-115.798,-7.947,-76.833,341.311,-306.809,61.380,233.852,-201.588,375.847,-382.100,186.098,-115.741,161.741,-269.802,147.575,-181.104,147.950,-56.696,131.607,84.579,110.294,-55.642,200.242,-85.321,-96.271,200.164,-128.849,95.684,-51.210,146.369,-94.130,342.645,-764.576,476.025,-41.563,202.414,-380.804,54.497,-30.394,23.757,12.026,130.667,-218.197,272.696,-11.599,78.366,51.533,219.858,-141.399,185.051,-90.093,222.468,271.722,-92.591,195.034,-67.420,223.339,-106.132,325.059,-19.577,253.496,10.644,271.680,-70.868,456.589,-233.464,381.560,-51.492,99.784,303.555,107.911,-79.349,627.557,-651.527,419.859,187.312,268.323,-86.772,673.799,-789.481,586.111,-201.369,302.561,124.040,89.326,118.012,231.591,11.819,248.952,41.877,497.300,-389.769,604.233,-486.966,490.525,-43.276,185.174,-5.503,386.658,-177.290,594.036,-662.065,650.226,-164.912,390.367,68.301,-16.213,76.825,187.396,20.435,115.744,-21.824,-80.825,204.752,-131.386,260.574,-17.389,295.694,-75.112,174.892,111.836,25.392,211.913,18.542,63.188,126.317,248.266,-15.094,243.524,82.219,400.015,-262.658,316.923,-132.622,66.401,53.598,81.127,48.757,41.386,240.865,-113.507,417.795,-136.768,137.072,61.545,266.905,-24.939,351.938,24.592,473.953,-323.303,254.874,70.783,176.396,375.411,-348.144,514.351,22.676,348.481,371.162,211.095,181.560,346.786,211.102,141.319,127.570,125.366,488.284,-364.304,431.257,-119.238,252.778,47.970,199.704,166.051,-35.562,187.102,-63.685,272.611,186.847,-259.816,-2.317,0.011,-0.000,31047.646,2223.140,29.446
9,150.793,0.689,614.765,-535.160,542.832,13.086,546.671,372.983,-541.358,1352.042,29.959,396.623,201.574,230.721,-181.876,276.513,297.600,-144.111,445.046,-80.780,251.772,-529.051,512.286,-356.847,-509.610,416.445,-98.601,546.388,-607.657,235.398,-217.257,22.296,-195.657,291.904,-406.759,289.206,19.847,191.891,-852.424,766.256,-153.296,-584.044,503.465,-938.677,954.295,-464.781,289.063,-403.949,673.831,-368.568,452.308,-369.505,141.598,-328.688,-211.236,-275.460,138.966,-500.103,213.089,240.437,-499.910,321.801,-238.971,127.897,-365.556,235.089,-855.755,1909.528,-1188.872,103.804,-505.529,951.058,-136.106,75.908,-59.332,-30.034,-326.342,544.947,-681.059,28.968,-195.718,-128.703,-549.094,353.143,-462.164,225.007,-555.614,-678.626,231.245,-487.097,168.382,-557.788,265.064,-811.835,48.893,-633.107,-26.584,-678.519,176.992,-1140.331,583.075,-952.944,128.601,-249.210,-758.128,-269.508,198.174,-1567.323,1627.187,-1048.597,-467.811,-670.136,216.713,-1682.813,1971.727,-1463.811,502.918,-755.647,-309.789,-223.091,-294.735,-578.399,-29.519,-621.756,-104.588,-1242.007,973.446,-1509.071,1216.196,-1225.086,108.082,-462.471,13.744,-965.678,442.782,-1483.605,1653.506,-1623.939,411.868,-974.941,-170.582,40.491,-191.871,-468.020,-51.037,-289.069,54.506,201.860,-511.368,328.138,-650.784,43.429,-738.497,187.591,-436.793,-279.311,-63.416,-529.251,-46.308,-157.812,-315.477,-620.045,37.696,-608.201,-205.343,-999.036,655.989,-791.516,331.223,-165.835,-133.860,-202.613,-121.770,-103.361,-601.560,283.484,-1043.441,341.579,-342.338,-153.709,-666.594,62.284,-878.965,-61.418,-1183.697,807.449,-636.547,-176.779,-440.548,-937.589,869.490,-1284.591,-56.634,-870.331,-926.977,-527.210,-453.447,-866.099,-527.226,-352.944,-318.605,-313.103,-1219.489,909.849,-1077.064,297.796,-631.313,-119.806,-498.760,-414.712,88.816,-467.288,159.052,-680.846,-466.651,648.890,5.787,-0.027,0.000,-77541.456,-5552.289,-73.540
10,3.341,0.015,13.622,-11.858,12.028,0.290,12.113,8.265,-11.996,29.959,0.664,8.789,4.467,5.112,-4.030,6.127,6.594,-3.193,9.862,-1.790,5.579,-11.723,11.351,-7.907,-11.292,9.228,-2.185,12.107,-13.465,5.216,-4.814,0.494,-4.335,6.468,-9.013,6.408,0.440,4.252,-18.888,16.979,-3.397,-12.942,11.156,-20.800,21.146,-10.299,6.405,-8.951,14.931,-8.167,10.022,-8.188,3.138,-7.283,-4.681,-6.104,3.079,-11.082,4.722,5.328,-11.077,7.131,-5.295,2.834,-8.100,5.209,-18.962,42.312,-26.344,2.300,-11.202,21.074,-3.016,1.682,-1.315,-0.666,-7.231,12.075,-15.091,0.642,-4.337,-2.852,-12.167,7.825,-10.241,4.986,-12.312,-15.037,5.124,-10.793,3.731,-12.360,5.873,-17.989,1.083,-14.029,-0.589,-15.035,3.922,-25.268,12.920,-21.116,2.850,-5.522,-16.799,-5.972,4.391,-34.729,36.056,-23.235,-10.366,-14.849,4.802,-37.289,43.690,-32.436,11.144,-16.744,-6.864,-4.943,-6.531,-12.816,-0.654,-13.777,-2.318,-27.521,21.570,-33.439,26.949,-27.146,2.395,-10.248,0.305,-21.398,9.811,-32.874,36.639,-35.984,9.126,-21.603,-3.780,0.897,-4.252,-10.371,-1.131,-6.405,1.208,4.473,-11.331,7.271,-14.420,0.962,-16.364,4.157,-9.679,-6.189,-1.405,-11.727,-1.026,-3.497,-6.990,-13.739,0.835,-13.477,-4.550,-22.137,14.536,-17.539,7.339,-3.675,-2.966,-4.490,-2.698,-2.290,-13.330,6.282,-23.121,7.569,-7.586,-3.406,-14.771,1.380,-19.477,-1.361,-26.229,17.892,-14.105,-3.917,-9.762,-20.776,19.267,-28.465,-1.255,-19.285,-20.540,-11.682,-10.048,-19.191,-11.683,-7.821,-7.060,-6.938,-27.022,20.161,-23.866,6.599,-13.989,-2.655,-11.052,-9.189,1.968,-10.354,3.524,-15.087,-10.340,14.378,0.128,-0.001,0.000,-1718.199,-123.030,-1.630
11,44.235,0.202,180.342,-156.990,159.240,3.839,160.366,109.415,-158.808,396.623,8.789,116.350,59.132,67.682,-53.353,81.115,87.301,-42.275,130.555,-23.697,73.858,-155.198,150.280,-104.681,-149.495,122.165,-28.925,160.283,-178.257,69.054,-63.733,6.541,-57.396,85.630,-119.323,84.839,5.822,56.291,-250.059,224.782,-44.969,-171.330,147.692,-275.362,279.943,-136.344,84.797,-118.499,197.669,-108.120,132.685,-108.394,41.538,-96.421,-61.966,-80.806,40.766,-146.706,62.510,70.532,-146.649,94.401,-70.102,37.519,-107.236,68.963,-251.036,560.162,-348.757,30.451,-148.297,278.994,-39.927,22.268,-17.405,-8.810,-95.733,159.861,-199.789,8.498,-57.414,-37.755,-161.077,103.595,-135.576,66.006,-162.990,-199.076,67.836,-142.890,49.395,-163.628,77.757,-238.153,14.343,-185.722,-7.798,-199.044,51.921,-334.517,171.046,-279.547,37.725,-73.106,-222.397,-79.060,58.135,-459.775,477.337,-307.607,-137.233,-196.585,63.573,-493.655,578.408,-429.410,147.532,-221.670,-90.877,-65.444,-86.461,-169.674,-8.659,-182.393,-30.681,-364.344,285.561,-442.687,356.772,-359.380,31.706,-135.666,4.032,-283.282,129.891,-435.217,485.057,-476.384,120.822,-286.000,-50.040,11.878,-56.286,-137.294,-14.972,-84.799,15.989,59.216,-150.010,96.259,-190.908,12.740,-216.639,55.030,-128.133,-81.936,-18.603,-155.256,-13.584,-46.294,-92.545,-181.891,11.058,-178.416,-60.237,-293.068,192.435,-232.192,97.165,-48.648,-39.268,-59.437,-35.721,-30.321,-176.468,83.160,-306.094,100.202,-100.425,-45.091,-195.546,18.271,-257.845,-18.017,-347.239,236.866,-186.732,-51.858,-129.235,-275.043,255.066,-376.836,-16.614,-255.312,-271.929,-154.657,-133.019,-254.071,-154.662,-103.536,-93.463,-91.849,-357.738,266.905,-315.958,87.359,-185.196,-35.145,-146.312,-121.656,26.054,-137.079,46.658,-199.727,-136.892,190.352,1.698,-0.008,0.000,-22746.852,-1628.769,-21.573
12,22.481,0.103,91.655,-79.786,80.930,1.951,81.502,55.608,-80.710,201.574,4.467,59.132,30.052,34.398,-27.116,41.225,44.369,-21.485,66.351,-12.043,37.536,-78.876,76.376,-53.202,-75.977,62.087,-14.700,81.460,-90.595,35.095,-32.391,3.324,-29.170,43.520,-60.643,43.117,2.959,28.609,-127.087,114.240,-22.855,-87.074,75.061,-139.946,142.275,-69.294,43.096,-60.224,100.461,-54.949,67.434,-55.089,21.111,-49.004,-31.493,-41.068,20.718,-74.560,31.769,35.846,-74.531,47.977,-35.628,19.068,-54.500,35.049,-127.583,284.689,-177.247,15.476,-75.369,141.792,-20.292,11.317,-8.846,-4.478,-48.654,81.245,-101.538,4.319,-29.179,-19.188,-81.864,52.650,-68.903,33.546,-82.836,-101.175,34.476,-72.621,25.104,-83.160,39.518,-121.035,7.289,-94.389,-3.963,-101.160,26.388,-170.010,86.930,-142.073,19.173,-37.154,-113.028,-40.181,29.546,-233.670,242.595,-156.334,-69.745,-99.910,32.309,-250.888,293.962,-218.238,74.979,-112.658,-46.186,-33.260,-43.942,-86.233,-4.401,-92.697,-15.593,-185.169,145.130,-224.985,181.321,-182.646,16.114,-68.949,2.049,-143.972,66.014,-221.189,246.519,-242.111,61.405,-145.353,-25.432,6.037,-28.606,-69.777,-7.609,-43.097,8.126,30.095,-76.239,48.922,-97.025,6.475,-110.101,27.968,-65.121,-41.642,-9.455,-78.905,-6.904,-23.528,-47.034,-92.442,5.620,-90.676,-30.614,-148.945,97.800,-118.006,49.382,-24.724,-19.957,-30.207,-18.155,-15.410,-89.686,42.264,-155.565,50.925,-51.039,-22.916,-99.382,9.286,-131.044,-9.157,-176.476,120.381,-94.902,-26.356,-65.681,-139.784,129.631,-191.518,-8.443,-129.757,-138.202,-78.601,-67.604,-129.125,-78.603,-52.620,-47.500,-46.680,-181.812,135.648,-160.578,44.398,-94.122,-17.862,-74.359,-61.829,13.241,-69.667,23.713,-101.506,-69.572,96.742,0.863,-0.004,0.000,-11560.552,-827.783,-10.964
13,25.732,0.118,104.907,-91.323,92.632,2.233,93.287,63.648,-92.381,230.721,5.112,67.682,34.398,39.372,-31.036,47.186,50.784,-24.592,75.945,-13.785,42.964,-90.281,87.420,-60.894,-86.963,71.065,-16.826,93.239,-103.694,40.170,-37.074,3.805,-33.388,49.812,-69.412,49.352,3.387,32.745,-145.463,130.759,-26.159,-99.665,85.914,-160.182,162.847,-79.313,49.327,-68.932,114.987,-62.895,77.185,-63.055,24.163,-56.089,-36.047,-47.006,23.714,-85.341,36.363,41.030,-85.308,54.914,-40.780,21.825,-62.381,40.117,-146.031,325.854,-202.876,17.714,-86.267,162.294,-23.226,12.953,-10.125,-5.125,-55.689,92.993,-116.220,4.943,-33.399,-21.963,-93.701,60.262,-78.867,38.397,-94.813,-115.805,39.461,-83.121,28.734,-95.184,45.232,-138.537,8.343,-108.037,-4.536,-115.787,30.203,-194.593,99.500,-162.616,21.945,-42.527,-129.372,-45.990,33.818,-267.458,277.673,-178.939,-79.830,-114.356,36.981,-287.166,336.468,-249.794,85.821,-128.948,-52.864,-38.070,-50.295,-98.702,-5.037,-106.100,-17.848,-211.944,166.115,-257.517,207.539,-209.056,18.444,-78.919,2.345,-164.789,75.559,-253.171,282.164,-277.119,70.284,-166.370,-29.109,6.910,-32.742,-79.866,-8.709,-49.329,9.301,34.447,-87.263,55.995,-111.054,7.411,-126.022,32.012,-74.537,-47.663,-10.822,-90.315,-7.902,-26.930,-53.835,-105.808,6.433,-103.787,-35.041,-170.482,111.942,-135.069,56.522,-28.299,-22.843,-34.575,-20.780,-17.638,-102.654,48.375,-178.059,58.289,-58.419,-26.230,-113.752,10.629,-149.992,-10.481,-201.993,137.788,-108.624,-30.167,-75.178,-159.996,148.375,-219.210,-9.664,-148.519,-158.185,-89.966,-77.379,-147.796,-89.969,-60.228,-54.369,-53.430,-208.101,155.262,-183.797,50.818,-107.731,-20.444,-85.111,-70.769,15.156,-79.741,27.142,-116.184,-79.632,110.731,0.988,-0.005,0.000,-13232.150,-947.477,-12.549
14,-20.284,-0.093,-82.698,71.989,-73.021,-1.760,-73.538,-50.173,72.823,-181.876,-4.030,-53.353,-27.116,-31.036,24.466,-37.196,-40.033,19.386,-59.867,10.866,-33.868,71.168,-68.912,48.003,68.552,-56.020,13.264,-73.500,81.741,-31.666,29.225,-2.999,26.320,-39.267,54.717,-38.904,-2.670,-25.813,114.667,-103.076,20.621,78.565,-67.726,126.270,-128.371,62.522,-38.885,54.339,-90.643,49.579,-60.844,49.705,-19.048,44.215,28.415,37.055,-18.694,67.273,-28.665,-32.343,67.247,-43.288,32.146,-17.205,49.174,-31.624,115.115,-256.868,159.926,-13.964,68.003,-127.936,18.309,-10.211,7.981,4.040,43.899,-73.306,91.615,-3.897,26.328,17.313,73.864,-47.504,62.170,-30.268,74.741,91.288,-31.107,65.524,-22.651,75.033,-35.656,109.207,-6.577,85.165,3.576,91.274,-23.809,153.396,-78.435,128.189,-17.299,33.524,101.983,36.254,-26.658,210.835,-218.888,141.056,62.930,90.146,-29.152,226.371,-265.235,196.911,-67.652,101.649,41.673,30.010,39.647,77.806,3.971,83.638,14.069,167.074,-130.947,202.999,-163.602,164.798,-14.539,62.211,-1.849,129.902,-59.563,199.573,-222.428,218.451,-55.404,131.148,22.947,-5.447,25.810,62.958,6.865,38.885,-7.332,-27.154,68.789,-44.141,87.543,-5.842,99.342,-25.235,58.757,37.573,8.531,71.194,6.229,21.229,42.438,83.408,-5.071,81.815,27.623,134.390,-88.243,106.474,-44.556,22.308,18.007,27.255,16.380,13.904,80.921,-38.134,140.363,-45.949,46.051,20.677,89.670,-8.378,118.238,8.262,159.230,-108.617,85.628,23.780,59.262,126.124,-116.963,172.802,7.618,117.076,124.696,70.920,60.997,116.507,70.922,47.478,42.859,42.118,164.045,-122.392,144.886,-40.059,84.924,16.116,67.093,55.787,-11.947,62.859,-21.396,91.587,62.773,-87.288,-0.778,0.004,-0.000,10430.815,746.889,9.893
15,30.839,0.141,125.729,-109.448,111.017,2.676,111.802,76.280,-110.716,276.513,6.127,81.115,41.225,47.186,-37.196,56.551,60.864,-29.473,91.018,-16.521,51.491,-108.199,104.770,-72.980,-104.223,85.169,-20.165,111.744,-124.275,48.142,-44.432,4.560,-40.015,59.699,-83.188,59.147,4.059,39.245,-174.333,156.711,-31.351,-119.446,102.966,-191.973,195.167,-95.055,59.118,-82.613,137.808,-75.378,92.504,-75.569,28.959,-67.222,-43.201,-56.336,28.421,-102.278,43.580,49.173,-102.239,65.813,-48.873,26.157,-74.762,48.079,-175.015,390.527,-243.142,21.229,-103.388,194.505,-27.836,15.524,-12.134,-6.142,-66.742,111.450,-139.287,5.924,-40.027,-26.322,-112.298,72.223,-94.519,46.017,-113.631,-138.789,47.293,-99.619,34.437,-114.076,54.210,-166.032,9.999,-129.480,-5.437,-138.767,36.198,-233.215,119.248,-194.891,26.301,-50.967,-155.048,-55.118,40.530,-320.541,332.784,-214.453,-95.674,-137.053,44.321,-344.160,403.247,-299.371,102.854,-154.541,-63.356,-45.625,-60.278,-118.291,-6.037,-127.158,-21.390,-254.009,199.084,-308.627,248.730,-250.548,22.104,-94.582,2.811,-197.495,90.556,-303.419,338.166,-332.120,84.233,-199.390,-34.886,8.281,-39.241,-95.717,-10.438,-59.119,11.147,41.283,-104.582,67.109,-133.095,8.882,-151.033,38.365,-89.331,-57.123,-12.970,-108.240,-9.471,-32.275,-64.520,-126.808,7.709,-124.386,-41.996,-204.318,134.159,-161.877,67.740,-33.916,-27.376,-41.437,-24.904,-21.139,-123.028,57.977,-213.399,69.858,-70.013,-31.436,-136.328,12.738,-179.761,-12.561,-242.084,165.135,-130.183,-36.154,-90.099,-191.751,177.824,-262.718,-11.582,-177.996,-189.580,-107.822,-92.736,-177.130,-107.825,-72.182,-65.159,-64.034,-249.403,186.077,-220.276,60.904,-129.113,-24.502,-102.004,-84.815,18.164,-95.567,32.529,-139.243,-95.437,132.708,1.184,-0.005,0.000,-15858.371,-1135.525,-15.040
16,33.191,0.152,135.317,-117.795,119.484,2.880,120.329,82.098,-119.159,297.600,6.594,87.301,44.369,50.784,-40.033,60.864,65.505,-31.721,97.960,-17.781,55.418,-116.450,112.760,-78.546,-112.171,91.664,-21.703,120.266,-133.752,51.814,-47.821,4.908,-43.066,64.251,-89.532,63.658,4.369,42.237,-187.628,168.662,-33.742,-128.555,110.819,-206.614,210.052,-102.304,63.626,-88.914,148.318,-81.126,99.558,-81.332,31.167,-72.348,-46.495,-60.632,30.588,-110.079,46.903,52.923,-110.036,70.832,-52.600,28.152,-80.463,51.746,-188.362,420.309,-261.685,22.849,-111.273,209.339,-29.958,16.708,-13.060,-6.611,-71.832,119.949,-149.909,6.376,-43.080,-28.329,-120.862,77.731,-101.728,49.527,-122.297,-149.374,50.900,-107.216,37.063,-122.776,58.344,-178.694,10.762,-139.354,-5.851,-149.350,38.958,-251.000,128.342,-209.754,28.307,-54.854,-166.873,-59.322,43.620,-344.986,358.163,-230.808,-102.971,-147.505,47.701,-370.407,434.000,-322.202,110.698,-166.327,-68.188,-49.105,-64.875,-127.312,-6.497,-136.856,-23.021,-273.380,214.267,-332.164,267.699,-269.656,23.790,-101.795,3.025,-212.557,97.462,-326.559,363.956,-357.448,90.657,-214.596,-37.547,8.913,-42.233,-103.017,-11.234,-63.628,11.997,44.432,-112.558,72.227,-143.245,9.559,-162.552,41.291,-96.143,-61.480,-13.959,-116.494,-10.193,-34.736,-69.440,-136.479,8.297,-133.872,-45.198,-219.900,144.391,-174.222,72.906,-36.502,-29.464,-44.598,-26.803,-22.751,-132.410,62.398,-229.674,75.185,-75.353,-33.833,-146.725,13.709,-193.471,-13.519,-260.546,177.729,-140.111,-38.911,-96.970,-206.374,191.385,-282.753,-12.466,-191.570,-204.038,-116.045,-99.809,-190.638,-116.049,-77.687,-70.129,-68.918,-268.424,200.268,-237.074,65.548,-138.959,-26.371,-109.783,-91.283,19.549,-102.856,35.009,-149.862,-102.715,142.828,1.274,-0.006,0.000,-17067.782,-1222.124,-16.187
17,-16.073,-0.073,-65.526,57.041,-57.859,-1.395,-58.268,-39.755,57.702,-144.111,-3.193,-42.275,-21.485,-24.592,19.386,-29.473,-31.721,15.360,-47.436,8.610,-26.836,56.390,-54.603,38.035,54.318,-44.388,10.510,-58.238,64.769,-25.091,23.157,-2.376,20.855,-31.113,43.356,-30.826,-2.115,-20.453,90.858,-81.673,16.339,62.252,-53.663,100.051,-101.716,49.540,-30.811,43.056,-71.822,39.285,-48.210,39.385,-15.093,35.034,22.515,29.361,-14.812,53.305,-22.713,-25.628,53.284,-34.300,25.471,-13.632,38.964,-25.058,91.213,-203.532,126.719,-11.064,53.883,-101.371,14.507,-8.091,6.324,3.201,34.784,-58.085,72.592,-3.088,20.861,13.718,58.527,-37.641,49.261,-23.983,59.222,72.333,-24.648,51.919,-17.947,59.453,-28.253,86.532,-5.211,67.481,2.834,72.322,-18.865,121.545,-62.149,101.572,-13.707,26.563,80.807,28.726,-21.123,167.057,-173.438,111.767,49.863,71.428,-23.099,179.367,-210.162,156.024,-53.605,80.543,33.020,23.779,31.415,61.650,3.146,66.272,11.148,132.383,-103.757,160.848,-129.632,130.579,-11.520,49.294,-1.465,102.929,-47.195,158.134,-176.243,173.092,-43.900,103.917,18.182,-4.316,20.451,49.885,5.440,30.811,-5.810,-21.516,54.506,-34.975,69.366,-4.629,78.715,-19.995,46.557,29.771,6.759,56.412,4.936,16.821,33.626,66.089,-4.018,64.827,21.887,106.485,-69.920,84.366,-35.304,17.676,14.268,21.596,12.979,11.017,64.119,-30.216,111.218,-36.408,36.489,16.383,71.051,-6.639,93.687,6.546,126.168,-86.064,67.848,18.843,46.957,99.935,-92.677,136.922,6.036,92.767,98.804,56.194,48.332,92.315,56.196,37.619,33.959,33.373,129.983,-96.979,114.802,-31.741,67.290,12.770,53.162,44.203,-9.467,49.807,-16.953,72.570,49.739,-69.164,-0.617,0.003,-0.000,8264.964,591.806,7.838
18,49.636,0.227,202.360,-176.156,178.682,4.307,179.945,122.773,-178.197,445.046,9.862,130.555,66.351,75.945,-59.867,91.018,97.960,-47.436,146.494,-26.590,82.875,-174.145,168.627,-117.462,-167.746,137.079,-32.456,179.852,-200.020,77.485,-71.514,7.339,-64.404,96.085,-133.891,95.197,6.533,63.164,-280.588,252.225,-50.460,-192.247,165.723,-308.980,314.121,-152.990,95.150,-132.966,221.802,-121.320,148.884,-121.628,46.609,-108.193,-69.532,-90.672,45.743,-164.617,70.142,79.143,-164.553,105.926,-78.661,42.099,-120.328,77.383,-281.685,628.551,-391.336,34.169,-166.403,313.055,-44.801,24.986,-19.530,-9.886,-107.420,179.378,-224.181,9.535,-64.424,-42.365,-180.743,116.242,-152.129,74.064,-182.889,-223.380,76.118,-160.336,55.426,-183.605,87.250,-267.228,16.094,-208.397,-8.750,-223.345,58.260,-375.358,191.928,-313.676,42.331,-82.031,-249.550,-88.713,65.232,-515.909,535.614,-345.162,-153.987,-220.586,71.335,-553.924,649.025,-481.836,165.543,-248.733,-101.972,-73.434,-97.016,-190.389,-9.717,-204.661,-34.427,-408.826,320.425,-496.734,400.330,-403.256,35.577,-152.230,4.524,-317.868,145.749,-488.352,544.277,-534.545,135.573,-320.917,-56.150,13.328,-63.157,-154.056,-16.800,-95.152,17.941,66.445,-168.325,108.012,-214.216,14.295,-243.088,61.749,-143.777,-91.940,-20.875,-174.211,-15.243,-51.946,-103.844,-204.097,12.408,-200.199,-67.592,-328.848,215.929,-260.540,109.027,-54.587,-44.062,-66.693,-40.083,-34.023,-198.013,93.313,-343.465,112.436,-112.686,-50.596,-219.420,20.502,-289.325,-20.217,-389.632,265.784,-209.529,-58.190,-145.013,-308.622,286.206,-422.843,-18.642,-286.483,-305.129,-173.539,-149.259,-285.090,-173.545,-116.177,-104.874,-103.063,-401.414,299.491,-354.532,98.024,-207.806,-39.436,-164.175,-136.509,29.235,-153.815,52.354,-224.111,-153.605,213.592,1.905,-0.009,0.000,-25523.976,-1827.622,-24.207
19,-9.009,-0.041,-36.730,31.974,-32.432,-0.782,-32.662,-22.285,32.344,-80.780,-1.790,-23.697,-12.043,-13.785,10.866,-16.521,-17.781,8.610,-26.590,4.826,-15.043,31.609,-30.607,21.320,30.448,-24.881,5.891,-32.645,36.305,-14.064,12.980,-1.332,11.690,-17.440,24.303,-17.279,-1.186,-11.465,50.930,-45.781,9.159,34.895,-30.080,56.083,-57.016,27.769,-17.271,24.135,-40.259,22.021,-27.024,22.077,-8.460,19.638,12.621,16.458,-8.303,29.880,-12.731,-14.365,29.868,-19.227,14.278,-7.641,21.841,-14.046,51.129,-114.088,71.031,-6.202,30.204,-56.823,8.132,-4.535,3.545,1.794,19.498,-32.559,40.691,-1.731,11.694,7.690,32.807,-21.099,27.613,-13.443,33.196,40.546,-13.816,29.102,-10.060,33.326,-15.837,48.504,-2.921,37.826,1.588,40.539,-10.575,68.131,-34.837,56.935,-7.683,14.889,45.296,16.102,-11.840,93.642,-97.219,62.650,27.950,40.038,-12.948,100.543,-117.804,87.458,-30.048,45.147,18.509,13.329,17.609,34.557,1.764,37.148,6.249,74.206,-58.160,90.162,-72.664,73.195,-6.458,27.631,-0.821,57.696,-26.455,88.641,-98.792,97.025,-24.608,58.250,10.192,-2.419,11.464,27.963,3.049,17.271,-3.257,-12.060,30.553,-19.605,38.882,-2.595,44.123,-11.208,26.097,16.688,3.789,31.621,2.767,9.429,18.849,37.046,-2.252,36.338,12.269,59.689,-39.193,47.290,-19.790,9.908,7.998,12.105,7.275,6.176,35.941,-16.937,62.342,-20.408,20.454,9.184,39.827,-3.721,52.515,3.670,70.722,-48.242,38.032,10.562,26.321,56.018,-51.949,76.750,3.384,51.999,55.384,31.499,27.092,51.747,31.500,21.087,19.036,18.707,72.860,-54.360,64.351,-17.792,37.719,7.158,29.799,24.778,-5.306,27.919,-9.503,40.678,27.881,-38.769,-0.346,0.002,-0.000,4632.848,331.731,4.394
20,28.080,0.128,114.479,-99.655,101.084,2.437,101.799,69.455,-100.810,251.772,5.579,73.858,37.536,42.964,-33.868,51.491,55.418,-26.836,82.875,-15.043,46.884,-98.518,95.396,-66.451,-94.898,77.549,-18.361,101.746,-113.155,43.835,-40.457,4.152,-36.435,54.357,-75.745,53.855,3.696,35.733,-158.735,142.689,-28.546,-108.758,93.753,-174.797,177.705,-86.550,53.828,-75.222,125.478,-68.633,84.227,-68.808,26.368,-61.207,-39.336,-51.295,25.878,-93.127,39.681,44.773,-93.091,59.925,-44.500,23.817,-68.072,43.777,-159.355,355.585,-221.387,19.330,-94.138,177.102,-25.345,14.135,-11.049,-5.593,-60.770,101.478,-126.824,5.394,-36.446,-23.967,-102.250,65.761,-86.062,41.900,-103.464,-126.371,43.062,-90.705,31.355,-103.869,49.359,-151.177,9.105,-117.895,-4.950,-126.351,32.959,-212.348,108.578,-177.454,23.948,-46.407,-141.176,-50.187,36.903,-291.861,303.008,-195.266,-87.114,-124.790,40.356,-313.367,367.167,-272.585,93.652,-140.714,-57.688,-41.543,-54.884,-107.707,-5.497,-115.781,-19.476,-231.282,181.271,-281.013,226.475,-228.131,20.127,-86.120,2.559,-179.825,82.453,-276.271,307.909,-302.404,76.696,-181.550,-31.765,7.540,-35.730,-87.153,-9.504,-53.829,10.150,37.590,-95.225,61.105,-121.186,8.087,-137.520,34.932,-81.338,-52.012,-11.809,-98.555,-8.623,-29.387,-58.747,-115.462,7.020,-113.257,-38.238,-186.037,122.156,-147.393,61.679,-30.881,-24.927,-37.730,-22.676,-19.248,-112.020,52.789,-194.306,63.607,-63.749,-28.623,-124.131,11.598,-163.678,-11.437,-220.424,150.360,-118.535,-32.919,-82.037,-174.594,161.913,-239.211,-10.546,-162.070,-172.618,-98.175,-84.439,-161.282,-98.178,-65.724,-59.329,-58.305,-227.089,169.428,-200.567,55.455,-117.561,-22.310,-92.877,-77.226,16.539,-87.017,29.618,-126.785,-86.898,120.834,1.078,-0.005,0.000,-14439.469,-1033.926,-13.694
21,-59.005,-0.269,-240.556,209.407,-212.409,-5.120,-213.911,-145.947,211.832,-529.051,-11.723,-155.198,-78.876,-90.281,71.168,-108.199,-116.450,56.390,-174.145,31.609,-98.518,207.017,-200.457,139.633,199.410,-162.954,38.582,-213.801,237.775,-92.111,85.012,-8.724,76.560,-114.221,159.164,-113.166,-7.766,-75.087,333.552,-299.835,59.984,228.535,-197.005,367.303,-373.414,181.868,-113.110,158.064,-263.669,144.220,-176.987,144.586,-55.407,128.615,82.656,107.787,-54.377,195.689,-83.381,-94.082,195.614,-125.920,93.509,-50.046,143.041,-91.990,334.855,-747.195,465.203,-40.618,197.812,-372.147,53.258,-29.703,23.217,11.752,127.697,-213.237,266.497,-11.335,76.584,50.361,214.859,-138.184,180.844,-88.045,217.411,265.545,-90.486,190.600,-65.888,218.261,-103.719,317.669,-19.132,247.733,10.402,265.503,-69.257,446.209,-228.156,372.885,-50.321,97.515,296.654,105.458,-77.545,613.290,-636.715,410.314,183.053,262.223,-84.799,658.481,-771.533,572.786,-196.791,295.683,121.220,87.295,115.329,226.326,11.551,243.292,40.925,485.995,-380.908,590.496,-475.895,479.374,-42.292,180.964,-5.378,377.868,-173.260,580.532,-647.014,635.444,-161.163,381.492,66.748,-15.844,75.079,183.135,19.971,113.112,-21.328,-78.987,200.097,-128.400,254.651,-16.994,288.972,-73.404,170.916,109.294,24.815,207.095,18.120,61.752,123.445,242.622,-14.751,237.988,80.350,390.921,-256.687,309.718,-129.607,64.891,52.379,79.282,47.648,40.445,235.389,-110.927,408.297,-133.659,133.956,60.146,260.837,-24.372,343.937,24.033,463.178,-315.953,249.080,69.173,172.386,366.877,-340.230,502.658,22.161,340.559,362.724,206.296,177.433,338.903,206.302,138.106,124.670,122.516,477.184,-356.022,421.453,-116.527,247.031,46.880,195.164,162.276,-34.753,182.849,-62.237,266.414,182.599,-253.909,-2.264,0.010,-0.000,30341.817,2172.599,28.776
